h-index = 16. e-index = 25.41653005427767.
g-index = 33. Needed for next g: 61
i10-index = 28
avg index = 25.666666666666668