h-index = 15. e-index = 25.059928172283335.
g-index = 32
i10-index = 27
avg index = 24.666666666666668