h-index = 17. e-index = 25.96150997149434.
g-index = 34. Needed for next g: 54
i10-index = 32
avg index = 27.666666666666668