h-index = 19. e-index = 28.5657137141714.
g-index = 37. Needed for next g: 38
i10-index = 36
avg index = 30.666666666666668