h-index = 14. e-index = 24.392621835300936.
g-index = 31
i10-index = 25
avg index = 23.333333333333332