h-index = 22. e-index = 28.879058156387302.
g-index = 39. Needed for next g: 48
i10-index = 40
avg index = 33.666666666666664